0 0.0693359375 0.6075757575757575 0.05078125 0.5848484848484848
0 0.10302734375 0.4106060606060606 0.0439453125 0.09090909090909091
0 0.158203125 0.5878787878787879 0.060546875 0.4818181818181818
0 0.19384765625 0.3704545454545455 0.0498046875 0.12272727272727273
0 0.25390625 0.6962121212121212 0.072265625 0.31666666666666665
0 0.32958984375 0.6825757575757576 0.0693359375 0.353030303030303
0 0.41943359375 0.6053030303030303 0.0478515625 0.42272727272727273
0 0.26123046875 0.4287878787878788 0.0537109375 0.17272727272727273
0 0.3193359375 0.4166666666666667 0.04296875 0.22121212121212122
0 0.478515625 0.3840909090909091 0.03515625 0.09242424242424242
0 0.48828125 0.6318181818181818 0.0546875 0.396969696969697
0 0.544921875 0.6787878787878788 0.056640625 0.38181818181818183
0 0.52392578125 0.31287878787878787 0.0673828125 0.15606060606060607
0 0.5439453125 0.35454545454545455 0.0 0.0
0 0.6044921875 0.30303030303030304 0.0 0.0
0 0.58984375 0.33636363636363636 0.0 0.0
0 0.58544921875 0.2803030303030303 0.0009765625 0.0
0 0.541015625 0.30757575757575756 0.0 0.0
0 0.552734375 0.375 0.0 0.03484848484848485
0 0.61083984375 0.6613636363636364 0.0634765625 0.4196969696969697
0 0.66064453125 0.6174242424242424 0.0595703125 0.4803030303030303
0 0.7236328125 0.6363636363636364 0.05859375 0.43333333333333335
0 0.7880859375 0.6272727272727273 0.060546875 0.5060606060606061
0 0.6923828125 0.38181818181818183 0.056640625 0.10606060606060606
0 0.5908203125 0.403030303030303 0.04296875 0.11818181818181818
0 0.6171875 0.38484848484848483 0.029296875 0.1
0 0.85546875 0.6174242424242424 0.07421875 0.5166666666666667
0 0.94775390625 0.6325757575757576 0.0634765625 0.5348484848484848
0 0.89990234375 0.44166666666666665 0.0341796875 0.0803030303030303
